100 100
1 2
1 3
1 4
3 5
2 6
2 7
6 8
4 9
2 10
2 11
4 12
3 13
2 14
14 15
7 16
11 17
8 18
15 19
7 20
2 21
11 22
21 23
20 24
24 25
2 26
19 27
6 28
1 29
22 30
21 31
9 32
23 33
4 34
21 35
22 36
6 37
26 38
30 39
10 40
23 41
22 42
6 43
23 44
18 45
33 46
11 47
33 48
3 49
1 50
36 51
7 52
49 53
18 54
40 55
46 56
18 57
46 58
16 59
41 60
48 61
12 62
25 63
40 64
23 65
50 66
25 67
23 68
44 69
11 70
51 71
13 72
40 73
23 74
9 75
38 76
71 77
24 78
78 79
66 80
58 81
76 82
27 83
17 84
37 85
19 86
32 87
55 88
66 89
53 90
84 91
57 92
92 93
17 94
76 95
12 96
53 97
4 98
5 99
23 100
32 88
4 79
55 54
38 91
67 63
82 20
15 35
14 56
1 80
98 97
28 20
51 13
26 91
89 68
88 11
26 10
67 75
49 26
75 74
5 93
54 13
22 57
82 47
50 95
7 63
49 76
18 25
32 76
83 34
31 46
69 44
99 17
37 98
41 94
26 10
57 72
64 70
51 23
88 30
70 33
13 33
56 53
75 47
51 30
99 17
43 36
60 33
26 84
40 18
67 83
68 2
75 11
92 79
79 93
8 25
39 68
42 75
29 25
5 82
40 57
88 32
62 35
1 42
51 47
14 31
55 43
92 18
47 34
7 88
41 32
18 80
28 24
45 93
49 6
62 80
32 61
12 71
3 74
20 95
42 26
39 47
26 68
6 35
78 73
39 54
81 31
51 24
14 3
91 56
26 43
37 99
10 20
54 79
98 65
26 1
8 78
53 16
30 58
18 52
75 1
