100 100
1 2
2 3
3 4
3 5
2 6
6 7
6 8
7 9
2 10
2 11
8 12
12 13
1 14
11 15
11 16
15 17
13 18
14 19
11 20
19 21
14 22
9 23
16 24
8 25
7 26
5 27
9 28
23 29
9 30
22 31
6 32
31 33
19 34
17 35
31 36
36 37
20 38
25 39
30 40
19 41
15 42
25 43
35 44
31 45
26 46
34 47
30 48
46 49
14 50
24 51
3 52
17 53
9 54
19 55
18 56
48 57
1 58
32 59
47 60
15 61
40 62
36 63
45 64
20 65
63 66
15 67
61 68
38 69
54 70
37 71
2 72
8 73
28 74
58 75
11 76
20 77
13 78
13 79
23 80
72 81
39 82
48 83
18 84
69 85
53 86
64 87
84 88
27 89
28 90
20 91
53 92
81 93
90 94
82 95
4 96
35 97
26 98
90 99
1 100
27 33
39 15
100 35
25 23
51 66
18 43
45 5
73 20
43 40
29 64
67 37
18 16
70 90
42 7
13 78
94 18
58 3
61 38
38 83
20 66
89 20
64 14
63 14
42 81
3 100
22 35
99 67
89 16
89 98
83 55
8 17
30 3
8 70
25 82
70 39
13 97
77 26
64 90
84 47
73 6
69 97
85 59
16 69
41 23
86 10
74 47
78 84
64 61
36 5
15 86
60 3
65 29
11 72
54 58
79 32
22 96
46 95
91 83
23 8
4 39
17 75
7 51
94 59
72 95
69 41
52 51
49 71
47 9
60 34
6 94
44 17
10 50
93 8
99 72
65 98
89 79
11 67
79 92
29 7
51 85
74 53
27 51
64 100
3 77
35 25
45 15
92 87
95 20
51 58
69 49
29 73
5 99
15 28
8 5
73 51
88 87
92 96
68 32
98 69
12 64
