2000 2000 233
1 2
2 3
3 4
4 5
5 6
6 7
7 8
8 9
9 10
10 11
11 12
12 13
13 14
14 15
15 16
16 17
17 18
18 19
19 20
20 21
21 22
22 23
23 24
24 25
25 26
26 27
27 28
28 29
29 30
30 31
31 32
32 33
33 34
34 35
35 36
36 37
37 38
38 39
39 40
40 41
41 42
42 43
43 44
44 45
45 46
46 47
47 48
48 49
49 50
50 51
51 52
52 53
53 54
54 55
55 56
56 57
57 58
58 59
59 60
60 61
61 62
62 63
63 64
64 65
65 66
66 67
67 68
68 69
69 70
70 71
71 72
72 73
73 74
74 75
75 76
76 77
77 78
78 79
79 80
80 81
81 82
82 83
83 84
84 85
85 86
86 87
87 88
88 89
89 90
90 91
91 92
92 93
93 94
94 95
95 96
96 97
97 98
98 99
99 100
100 101
101 102
102 103
103 104
104 105
105 106
106 107
107 108
108 109
109 110
110 111
111 112
112 113
113 114
114 115
115 116
116 117
117 118
118 119
119 120
120 121
121 122
122 123
123 124
124 125
125 126
126 127
127 128
128 129
129 130
130 131
131 132
132 133
133 134
134 135
135 136
136 137
137 138
138 139
139 140
140 141
141 142
142 143
143 144
144 145
145 146
146 147
147 148
148 149
149 150
150 151
151 152
152 153
153 154
154 155
155 156
156 157
157 158
158 159
159 160
160 161
161 162
162 163
163 164
164 165
165 166
166 167
167 168
168 169
169 170
170 171
171 172
172 173
173 174
174 175
175 176
176 177
177 178
178 179
179 180
180 181
181 182
182 183
183 184
184 185
185 186
186 187
187 188
188 189
189 190
190 191
191 192
192 193
193 194
194 195
195 196
196 197
197 198
198 199
199 200
200 201
201 202
202 203
203 204
204 205
205 206
206 207
207 208
208 209
209 210
210 211
211 212
212 213
213 214
214 215
215 216
216 217
217 218
218 219
219 220
220 221
221 222
222 223
223 224
224 225
225 226
226 227
227 228
228 229
229 230
230 231
231 232
232 233
233 234
234 235
235 236
236 237
237 238
238 239
239 240
240 241
241 242
242 243
243 244
244 245
245 246
246 247
247 248
248 249
249 250
250 251
251 252
252 253
253 254
254 255
255 256
256 257
257 258
258 259
259 260
260 261
261 262
262 263
263 264
264 265
265 266
266 267
267 268
268 269
269 270
270 271
271 272
272 273
273 274
274 275
275 276
276 277
277 278
278 279
279 280
280 281
281 282
282 283
283 284
284 285
285 286
286 287
287 288
288 289
289 290
290 291
291 292
292 293
293 294
294 295
295 296
296 297
297 298
298 299
299 300
300 301
301 302
302 303
303 304
304 305
305 306
306 307
307 308
308 309
309 310
310 311
311 312
312 313
313 314
314 315
315 316
316 317
317 318
318 319
319 320
320 321
321 322
322 323
323 324
324 325
325 326
326 327
327 328
328 329
329 330
330 331
331 332
332 333
333 334
334 335
335 336
336 337
337 338
338 339
339 340
340 341
341 342
342 343
343 344
344 345
345 346
346 347
347 348
348 349
349 350
350 351
351 352
352 353
353 354
354 355
355 356
356 357
357 358
358 359
359 360
360 361
361 362
362 363
363 364
364 365
365 366
366 367
367 368
368 369
369 370
370 371
371 372
372 373
373 374
374 375
375 376
376 377
377 378
378 379
379 380
380 381
381 382
382 383
383 384
384 385
385 386
386 387
387 388
388 389
389 390
390 391
391 392
392 393
393 394
394 395
395 396
396 397
397 398
398 399
399 400
400 401
401 402
402 403
403 404
404 405
405 406
406 407
407 408
408 409
409 410
410 411
411 412
412 413
413 414
414 415
415 416
416 417
417 418
418 419
419 420
420 421
421 422
422 423
423 424
424 425
425 426
426 427
427 428
428 429
429 430
430 431
431 432
432 433
433 434
434 435
435 436
436 437
437 438
438 439
439 440
440 441
441 442
442 443
443 444
444 445
445 446
446 447
447 448
448 449
449 450
450 451
451 452
452 453
453 454
454 455
455 456
456 457
457 458
458 459
459 460
460 461
461 462
462 463
463 464
464 465
465 466
466 467
467 468
468 469
469 470
470 471
471 472
472 473
473 474
474 475
475 476
476 477
477 478
478 479
479 480
480 481
481 482
482 483
483 484
484 485
485 486
486 487
487 488
488 489
489 490
490 491
491 492
492 493
493 494
494 495
495 496
496 497
497 498
498 499
499 500
500 501
501 502
502 503
503 504
504 505
505 506
506 507
507 508
508 509
509 510
510 511
511 512
512 513
513 514
514 515
515 516
516 517
517 518
518 519
519 520
520 521
521 522
522 523
523 524
524 525
525 526
526 527
527 528
528 529
529 530
530 531
531 532
532 533
533 534
534 535
535 536
536 537
537 538
538 539
539 540
540 541
541 542
542 543
543 544
544 545
545 546
546 547
547 548
548 549
549 550
550 551
551 552
552 553
553 554
554 555
555 556
556 557
557 558
558 559
559 560
560 561
561 562
562 563
563 564
564 565
565 566
566 567
567 568
568 569
569 570
570 571
571 572
572 573
573 574
574 575
575 576
576 577
577 578
578 579
579 580
580 581
581 582
582 583
583 584
584 585
585 586
586 587
587 588
588 589
589 590
590 591
591 592
592 593
593 594
594 595
595 596
596 597
597 598
598 599
599 600
600 601
601 602
602 603
603 604
604 605
605 606
606 607
607 608
608 609
609 610
610 611
611 612
612 613
613 614
614 615
615 616
616 617
617 618
618 619
619 620
620 621
621 622
622 623
623 624
624 625
625 626
626 627
627 628
628 629
629 630
630 631
631 632
632 633
633 634
634 635
635 636
636 637
637 638
638 639
639 640
640 641
641 642
642 643
643 644
644 645
645 646
646 647
647 648
648 649
649 650
650 651
651 652
652 653
653 654
654 655
655 656
656 657
657 658
658 659
659 660
660 661
661 662
662 663
663 664
664 665
665 666
666 667
667 668
668 669
669 670
670 671
671 672
672 673
673 674
674 675
675 676
676 677
677 678
678 679
679 680
680 681
681 682
682 683
683 684
684 685
685 686
686 687
687 688
688 689
689 690
690 691
691 692
692 693
693 694
694 695
695 696
696 697
697 698
698 699
699 700
700 701
701 702
702 703
703 704
704 705
705 706
706 707
707 708
708 709
709 710
710 711
711 712
712 713
713 714
714 715
715 716
716 717
717 718
718 719
719 720
720 721
721 722
722 723
723 724
724 725
725 726
726 727
727 728
728 729
729 730
730 731
731 732
732 733
733 734
734 735
735 736
736 737
737 738
738 739
739 740
740 741
741 742
742 743
743 744
744 745
745 746
746 747
747 748
748 749
749 750
750 751
751 752
752 753
753 754
754 755
755 756
756 757
757 758
758 759
759 760
760 761
761 762
762 763
763 764
764 765
765 766
766 767
767 768
768 769
769 770
770 771
771 772
772 773
773 774
774 775
775 776
776 777
777 778
778 779
779 780
780 781
781 782
782 783
783 784
784 785
785 786
786 787
787 788
788 789
789 790
790 791
791 792
792 793
793 794
794 795
795 796
796 797
797 798
798 799
799 800
800 801
801 802
802 803
803 804
804 805
805 806
806 807
807 808
808 809
809 810
810 811
811 812
812 813
813 814
814 815
815 816
816 817
817 818
818 819
819 820
820 821
821 822
822 823
823 824
824 825
825 826
826 827
827 828
828 829
829 830
830 831
831 832
832 833
833 834
834 835
835 836
836 837
837 838
838 839
839 840
840 841
841 842
842 843
843 844
844 845
845 846
846 847
847 848
848 849
849 850
850 851
851 852
852 853
853 854
854 855
855 856
856 857
857 858
858 859
859 860
860 861
861 862
862 863
863 864
864 865
865 866
866 867
867 868
868 869
869 870
870 871
871 872
872 873
873 874
874 875
875 876
876 877
877 878
878 879
879 880
880 881
881 882
882 883
883 884
884 885
885 886
886 887
887 888
888 889
889 890
890 891
891 892
892 893
893 894
894 895
895 896
896 897
897 898
898 899
899 900
900 901
901 902
902 903
903 904
904 905
905 906
906 907
907 908
908 909
909 910
910 911
911 912
912 913
913 914
914 915
915 916
916 917
917 918
918 919
919 920
920 921
921 922
922 923
923 924
924 925
925 926
926 927
927 928
928 929
929 930
930 931
931 932
932 933
933 934
934 935
935 936
936 937
937 938
938 939
939 940
940 941
941 942
942 943
943 944
944 945
945 946
946 947
947 948
948 949
949 950
950 951
951 952
952 953
953 954
954 955
955 956
956 957
957 958
958 959
959 960
960 961
961 962
962 963
963 964
964 965
965 966
966 967
967 968
968 969
969 970
970 971
971 972
972 973
973 974
974 975
975 976
976 977
977 978
978 979
979 980
980 981
981 982
982 983
983 984
984 985
985 986
986 987
987 988
988 989
989 990
990 991
991 992
992 993
993 994
994 995
995 996
996 997
997 998
998 999
999 1000
472 1001
23 1002
679 1003
575 1004
185 1005
57 1006
97 1007
484 1008
229 1009
293 1010
122 1011
455 1012
853 1013
464 1014
693 1015
340 1016
482 1017
119 1018
192 1019
196 1020
823 1021
694 1022
320 1023
825 1024
355 1025
195 1026
125 1027
578 1028
933 1029
61 1030
913 1031
822 1032
398 1033
140 1034
820 1035
621 1036
739 1037
526 1038
552 1039
638 1040
88 1041
443 1042
787 1043
59 1044
961 1045
806 1046
962 1047
346 1048
397 1049
362 1050
788 1051
863 1052
250 1053
94 1054
391 1055
800 1056
283 1057
329 1058
25 1059
294 1060
782 1061
567 1062
294 1063
302 1064
399 1065
656 1066
956 1067
124 1068
799 1069
949 1070
190 1071
890 1072
293 1073
312 1074
160 1075
132 1076
460 1077
1055 1078
781 1079
792 1080
219 1081
402 1082
615 1083
402 1084
568 1085
242 1086
274 1087
337 1088
749 1089
642 1090
958 1091
59 1092
1042 1093
917 1094
454 1095
448 1096
521 1097
862 1098
920 1099
392 1100
93 1101
459 1102
140 1103
1050 1104
716 1105
91 1106
87 1107
304 1108
1001 1109
636 1110
685 1111
403 1112
90 1113
985 1114
472 1115
736 1116
839 1117
722 1118
99 1119
396 1120
122 1121
70 1122
44 1123
1022 1124
712 1125
726 1126
19 1127
60 1128
750 1129
1043 1130
862 1131
376 1132
222 1133
1078 1134
661 1135
1087 1136
174 1137
514 1138
623 1139
701 1140
608 1141
862 1142
515 1143
241 1144
900 1145
29 1146
471 1147
726 1148
517 1149
797 1150
796 1151
112 1152
352 1153
399 1154
119 1155
717 1156
489 1157
893 1158
160 1159
350 1160
229 1161
746 1162
490 1163
11 1164
977 1165
972 1166
111 1167
368 1168
521 1169
1074 1170
105 1171
902 1172
182 1173
916 1174
659 1175
640 1176
753 1177
425 1178
1135 1179
960 1180
1165 1181
195 1182
480 1183
747 1184
641 1185
773 1186
1010 1187
538 1188
1135 1189
888 1190
339 1191
790 1192
895 1193
728 1194
467 1195
692 1196
142 1197
697 1198
678 1199
1146 1200
1087 1201
1085 1202
799 1203
733 1204
721 1205
1189 1206
981 1207
1196 1208
559 1209
1053 1210
620 1211
296 1212
443 1213
329 1214
368 1215
462 1216
252 1217
721 1218
695 1219
1 1220
1140 1221
273 1222
927 1223
1127 1224
426 1225
706 1226
1101 1227
797 1228
293 1229
679 1230
1061 1231
835 1232
447 1233
275 1234
1187 1235
642 1236
83 1237
324 1238
1222 1239
983 1240
104 1241
981 1242
524 1243
494 1244
1020 1245
919 1246
92 1247
990 1248
305 1249
1117 1250
57 1251
852 1252
1055 1253
916 1254
441 1255
814 1256
664 1257
207 1258
1035 1259
58 1260
875 1261
849 1262
731 1263
601 1264
506 1265
1080 1266
738 1267
826 1268
387 1269
1175 1270
553 1271
733 1272
11 1273
593 1274
982 1275
638 1276
1062 1277
334 1278
817 1279
719 1280
1025 1281
445 1282
265 1283
1016 1284
44 1285
317 1286
1109 1287
139 1288
352 1289
772 1290
488 1291
1167 1292
351 1293
188 1294
410 1295
524 1296
702 1297
832 1298
1211 1299
100 1300
958 1301
97 1302
924 1303
420 1304
1024 1305
16 1306
1009 1307
765 1308
931 1309
693 1310
566 1311
652 1312
970 1313
286 1314
453 1315
1115 1316
500 1317
624 1318
1047 1319
1187 1320
458 1321
229 1322
138 1323
652 1324
641 1325
347 1326
196 1327
599 1328
701 1329
830 1330
394 1331
253 1332
1307 1333
1036 1334
404 1335
584 1336
864 1337
72 1338
1054 1339
361 1340
495 1341
1282 1342
289 1343
1281 1344
622 1345
990 1346
105 1347
253 1348
462 1349
773 1350
940 1351
1272 1352
975 1353
1311 1354
973 1355
1267 1356
537 1357
1033 1358
792 1359
464 1360
54 1361
880 1362
406 1363
614 1364
1302 1365
459 1366
905 1367
44 1368
1249 1369
268 1370
157 1371
367 1372
464 1373
193 1374
120 1375
321 1376
525 1377
1357 1378
778 1379
427 1380
1262 1381
686 1382
165 1383
1281 1384
1142 1385
202 1386
1360 1387
490 1388
472 1389
1296 1390
439 1391
1367 1392
954 1393
1375 1394
33 1395
906 1396
1043 1397
1224 1398
1057 1399
1360 1400
1277 1401
783 1402
768 1403
1269 1404
800 1405
169 1406
657 1407
988 1408
69 1409
527 1410
1176 1411
751 1412
536 1413
918 1414
182 1415
503 1416
119 1417
1093 1418
970 1419
1318 1420
1133 1421
188 1422
997 1423
138 1424
1223 1425
482 1426
1365 1427
1274 1428
1070 1429
1171 1430
28 1431
193 1432
971 1433
636 1434
675 1435
1241 1436
862 1437
456 1438
473 1439
1307 1440
88 1441
464 1442
359 1443
190 1444
21 1445
955 1446
563 1447
1438 1448
1298 1449
897 1450
580 1451
1128 1452
1400 1453
1035 1454
392 1455
1014 1456
767 1457
1107 1458
773 1459
1262 1460
504 1461
888 1462
990 1463
1027 1464
1028 1465
174 1466
667 1467
634 1468
766 1469
791 1470
523 1471
412 1472
645 1473
340 1474
1065 1475
750 1476
643 1477
972 1478
1391 1479
443 1480
456 1481
1283 1482
835 1483
775 1484
157 1485
876 1486
434 1487
1461 1488
65 1489
544 1490
62 1491
580 1492
1456 1493
1434 1494
205 1495
1366 1496
151 1497
691 1498
1219 1499
1304 1500
373 1501
122 1502
457 1503
465 1504
684 1505
444 1506
284 1507
248 1508
753 1509
660 1510
754 1511
1273 1512
144 1513
776 1514
130 1515
1358 1516
673 1517
210 1518
917 1519
1384 1520
590 1521
681 1522
1456 1523
403 1524
326 1525
26 1526
898 1527
24 1528
668 1529
144 1530
1041 1531
400 1532
565 1533
1512 1534
1434 1535
411 1536
302 1537
1231 1538
402 1539
139 1540
140 1541
1217 1542
483 1543
612 1544
922 1545
771 1546
418 1547
910 1548
319 1549
447 1550
95 1551
282 1552
1108 1553
620 1554
121 1555
78 1556
534 1557
44 1558
1413 1559
328 1560
1499 1561
1535 1562
1156 1563
1553 1564
1444 1565
1420 1566
307 1567
534 1568
426 1569
1197 1570
730 1571
1146 1572
1229 1573
488 1574
689 1575
560 1576
830 1577
19 1578
913 1579
127 1580
351 1581
441 1582
1526 1583
1086 1584
821 1585
1302 1586
1195 1587
998 1588
361 1589
714 1590
848 1591
389 1592
884 1593
1465 1594
1373 1595
935 1596
70 1597
639 1598
340 1599
1582 1600
896 1601
1481 1602
62 1603
1197 1604
525 1605
1048 1606
1573 1607
1279 1608
1373 1609
1386 1610
155 1611
182 1612
1289 1613
504 1614
767 1615
1070 1616
1009 1617
1435 1618
336 1619
592 1620
1342 1621
461 1622
398 1623
1452 1624
512 1625
1237 1626
168 1627
878 1628
493 1629
1243 1630
1211 1631
1001 1632
208 1633
1573 1634
687 1635
54 1636
1407 1637
860 1638
1206 1639
1425 1640
1054 1641
1531 1642
75 1643
380 1644
918 1645
595 1646
133 1647
1503 1648
86 1649
1240 1650
674 1651
718 1652
1013 1653
327 1654
338 1655
1600 1656
158 1657
1404 1658
73 1659
79 1660
1119 1661
150 1662
334 1663
259 1664
187 1665
1027 1666
1152 1667
775 1668
52 1669
1406 1670
1513 1671
694 1672
1049 1673
560 1674
1132 1675
774 1676
1401 1677
550 1678
408 1679
705 1680
22 1681
252 1682
892 1683
100 1684
1671 1685
296 1686
1552 1687
273 1688
942 1689
1628 1690
1314 1691
224 1692
467 1693
356 1694
1106 1695
296 1696
1119 1697
1694 1698
1211 1699
266 1700
1062 1701
490 1702
85 1703
106 1704
670 1705
24 1706
904 1707
92 1708
1006 1709
1629 1710
1412 1711
9 1712
592 1713
857 1714
264 1715
1610 1716
462 1717
1367 1718
541 1719
406 1720
953 1721
1581 1722
982 1723
58 1724
89 1725
365 1726
1480 1727
102 1728
862 1729
1140 1730
474 1731
436 1732
655 1733
1338 1734
1636 1735
1395 1736
1446 1737
1166 1738
959 1739
810 1740
545 1741
436 1742
754 1743
750 1744
1460 1745
1105 1746
118 1747
1448 1748
728 1749
1588 1750
1613 1751
953 1752
365 1753
833 1754
30 1755
852 1756
106 1757
1320 1758
1043 1759
1474 1760
600 1761
65 1762
1442 1763
1409 1764
886 1765
611 1766
1328 1767
336 1768
1576 1769
675 1770
266 1771
894 1772
815 1773
1524 1774
719 1775
1678 1776
1458 1777
831 1778
623 1779
1408 1780
896 1781
1212 1782
1632 1783
1374 1784
588 1785
649 1786
920 1787
1169 1788
1592 1789
1616 1790
751 1791
1019 1792
747 1793
877 1794
1173 1795
995 1796
515 1797
1116 1798
1790 1799
1542 1800
436 1801
531 1802
756 1803
1579 1804
367 1805
972 1806
1059 1807
1348 1808
91 1809
974 1810
388 1811
5 1812
1623 1813
1799 1814
20 1815
276 1816
53 1817
1114 1818
1479 1819
1392 1820
1537 1821
695 1822
6 1823
1282 1824
1369 1825
891 1826
1778 1827
184 1828
855 1829
1787 1830
524 1831
107 1832
826 1833
1329 1834
1329 1835
786 1836
937 1837
675 1838
1319 1839
496 1840
958 1841
1192 1842
1373 1843
1100 1844
1212 1845
390 1846
25 1847
736 1848
305 1849
1813 1850
175 1851
935 1852
1361 1853
957 1854
185 1855
572 1856
1761 1857
1239 1858
702 1859
810 1860
465 1861
1123 1862
1527 1863
164 1864
475 1865
678 1866
193 1867
1454 1868
409 1869
1029 1870
1821 1871
296 1872
859 1873
1710 1874
990 1875
7 1876
974 1877
1745 1878
613 1879
901 1880
783 1881
181 1882
1712 1883
347 1884
978 1885
675 1886
182 1887
1067 1888
99 1889
407 1890
300 1891
1487 1892
1829 1893
1418 1894
304 1895
1711 1896
149 1897
912 1898
1383 1899
1053 1900
1636 1901
1354 1902
753 1903
1727 1904
1874 1905
465 1906
1344 1907
1177 1908
1676 1909
1298 1910
969 1911
325 1912
239 1913
1623 1914
1610 1915
1326 1916
1194 1917
676 1918
606 1919
1712 1920
576 1921
818 1922
979 1923
718 1924
535 1925
1786 1926
1741 1927
1186 1928
586 1929
181 1930
1460 1931
1182 1932
121 1933
85 1934
452 1935
671 1936
1220 1937
1594 1938
1146 1939
1760 1940
1251 1941
1209 1942
1887 1943
789 1944
353 1945
864 1946
1653 1947
1499 1948
828 1949
1045 1950
1637 1951
6 1952
1175 1953
98 1954
714 1955
1547 1956
656 1957
210 1958
1778 1959
889 1960
522 1961
1865 1962
1848 1963
1189 1964
488 1965
133 1966
893 1967
918 1968
944 1969
650 1970
1264 1971
1524 1972
1449 1973
1855 1974
1269 1975
266 1976
61 1977
1030 1978
1205 1979
806 1980
1528 1981
1138 1982
1405 1983
1506 1984
520 1985
1494 1986
1547 1987
344 1988
1850 1989
1255 1990
1686 1991
207 1992
1011 1993
1605 1994
1933 1995
1668 1996
753 1997
861 1998
354 1999
782 2000
790 650
