2000 2000 666
1 2
2 3
3 4
4 5
5 6
6 7
7 8
8 9
9 10
10 11
11 12
12 13
13 14
14 15
15 16
16 17
17 18
18 19
19 20
20 21
21 22
22 23
23 24
24 25
25 26
26 27
27 28
28 29
29 30
30 31
31 32
32 33
33 34
34 35
35 36
36 37
37 38
38 39
39 40
40 41
41 42
42 43
43 44
44 45
45 46
46 47
47 48
48 49
49 50
50 51
51 52
52 53
53 54
54 55
55 56
56 57
57 58
58 59
59 60
60 61
61 62
62 63
63 64
64 65
65 66
66 67
67 68
68 69
69 70
70 71
71 72
72 73
73 74
74 75
75 76
76 77
77 78
78 79
79 80
80 81
81 82
82 83
83 84
84 85
85 86
86 87
87 88
88 89
89 90
90 91
91 92
92 93
93 94
94 95
95 96
96 97
97 98
98 99
99 100
100 101
101 102
102 103
103 104
104 105
105 106
106 107
107 108
108 109
109 110
110 111
111 112
112 113
113 114
114 115
115 116
116 117
117 118
118 119
119 120
120 121
121 122
122 123
123 124
124 125
125 126
126 127
127 128
128 129
129 130
130 131
131 132
132 133
133 134
134 135
135 136
136 137
137 138
138 139
139 140
140 141
141 142
142 143
143 144
144 145
145 146
146 147
147 148
148 149
149 150
150 151
151 152
152 153
153 154
154 155
155 156
156 157
157 158
158 159
159 160
160 161
161 162
162 163
163 164
164 165
165 166
166 167
167 168
168 169
169 170
170 171
171 172
172 173
173 174
174 175
175 176
176 177
177 178
178 179
179 180
180 181
181 182
182 183
183 184
184 185
185 186
186 187
187 188
188 189
189 190
190 191
191 192
192 193
193 194
194 195
195 196
196 197
197 198
198 199
199 200
200 201
201 202
202 203
203 204
204 205
205 206
206 207
207 208
208 209
209 210
210 211
211 212
212 213
213 214
214 215
215 216
216 217
217 218
218 219
219 220
220 221
221 222
222 223
223 224
224 225
225 226
226 227
227 228
228 229
229 230
230 231
231 232
232 233
233 234
234 235
235 236
236 237
237 238
238 239
239 240
240 241
241 242
242 243
243 244
244 245
245 246
246 247
247 248
248 249
249 250
250 251
251 252
252 253
253 254
254 255
255 256
256 257
257 258
258 259
259 260
260 261
261 262
262 263
263 264
264 265
265 266
266 267
267 268
268 269
269 270
270 271
271 272
272 273
273 274
274 275
275 276
276 277
277 278
278 279
279 280
280 281
281 282
282 283
283 284
284 285
285 286
286 287
287 288
288 289
289 290
290 291
291 292
292 293
293 294
294 295
295 296
296 297
297 298
298 299
299 300
300 301
301 302
302 303
303 304
304 305
305 306
306 307
307 308
308 309
309 310
310 311
311 312
312 313
313 314
314 315
315 316
316 317
317 318
318 319
319 320
320 321
321 322
322 323
323 324
324 325
325 326
326 327
327 328
328 329
329 330
330 331
331 332
332 333
333 334
334 335
335 336
336 337
337 338
338 339
339 340
340 341
341 342
342 343
343 344
344 345
345 346
346 347
347 348
348 349
349 350
350 351
351 352
352 353
353 354
354 355
355 356
356 357
357 358
358 359
359 360
360 361
361 362
362 363
363 364
364 365
365 366
366 367
367 368
368 369
369 370
370 371
371 372
372 373
373 374
374 375
375 376
376 377
377 378
378 379
379 380
380 381
381 382
382 383
383 384
384 385
385 386
386 387
387 388
388 389
389 390
390 391
391 392
392 393
393 394
394 395
395 396
396 397
397 398
398 399
399 400
400 401
401 402
402 403
403 404
404 405
405 406
406 407
407 408
408 409
409 410
410 411
411 412
412 413
413 414
414 415
415 416
416 417
417 418
418 419
419 420
420 421
421 422
422 423
423 424
424 425
425 426
426 427
427 428
428 429
429 430
430 431
431 432
432 433
433 434
434 435
435 436
436 437
437 438
438 439
439 440
440 441
441 442
442 443
443 444
444 445
445 446
446 447
447 448
448 449
449 450
450 451
451 452
452 453
453 454
454 455
455 456
456 457
457 458
458 459
459 460
460 461
461 462
462 463
463 464
464 465
465 466
466 467
467 468
468 469
469 470
470 471
471 472
472 473
473 474
474 475
475 476
476 477
477 478
478 479
479 480
480 481
481 482
482 483
483 484
484 485
485 486
486 487
487 488
488 489
489 490
490 491
491 492
492 493
493 494
494 495
495 496
496 497
497 498
498 499
499 500
500 501
501 502
502 503
503 504
504 505
505 506
506 507
507 508
508 509
509 510
510 511
511 512
512 513
513 514
514 515
515 516
516 517
517 518
518 519
519 520
520 521
521 522
522 523
523 524
524 525
525 526
526 527
527 528
528 529
529 530
530 531
531 532
532 533
533 534
534 535
535 536
536 537
537 538
538 539
539 540
540 541
541 542
542 543
543 544
544 545
545 546
546 547
547 548
548 549
549 550
550 551
551 552
552 553
553 554
554 555
555 556
556 557
557 558
558 559
559 560
560 561
561 562
562 563
563 564
564 565
565 566
566 567
567 568
568 569
569 570
570 571
571 572
572 573
573 574
574 575
575 576
576 577
577 578
578 579
579 580
580 581
581 582
582 583
583 584
584 585
585 586
586 587
587 588
588 589
589 590
590 591
591 592
592 593
593 594
594 595
595 596
596 597
597 598
598 599
599 600
600 601
601 602
602 603
603 604
604 605
605 606
606 607
607 608
608 609
609 610
610 611
611 612
612 613
613 614
614 615
615 616
616 617
617 618
618 619
619 620
620 621
621 622
622 623
623 624
624 625
625 626
626 627
627 628
628 629
629 630
630 631
631 632
632 633
633 634
634 635
635 636
636 637
637 638
638 639
639 640
640 641
641 642
642 643
643 644
644 645
645 646
646 647
647 648
648 649
649 650
650 651
651 652
652 653
653 654
654 655
655 656
656 657
657 658
658 659
659 660
660 661
661 662
662 663
663 664
664 665
665 666
666 667
667 668
668 669
669 670
670 671
671 672
672 673
673 674
674 675
675 676
676 677
677 678
678 679
679 680
680 681
681 682
682 683
683 684
684 685
685 686
686 687
687 688
688 689
689 690
690 691
691 692
692 693
693 694
694 695
695 696
696 697
697 698
698 699
699 700
700 701
701 702
702 703
703 704
704 705
705 706
706 707
707 708
708 709
709 710
710 711
711 712
712 713
713 714
714 715
715 716
716 717
717 718
718 719
719 720
720 721
721 722
722 723
723 724
724 725
725 726
726 727
727 728
728 729
729 730
730 731
731 732
732 733
733 734
734 735
735 736
736 737
737 738
738 739
739 740
740 741
741 742
742 743
743 744
744 745
745 746
746 747
747 748
748 749
749 750
750 751
751 752
752 753
753 754
754 755
755 756
756 757
757 758
758 759
759 760
760 761
761 762
762 763
763 764
764 765
765 766
766 767
767 768
768 769
769 770
770 771
771 772
772 773
773 774
774 775
775 776
776 777
777 778
778 779
779 780
780 781
781 782
782 783
783 784
784 785
785 786
786 787
787 788
788 789
789 790
790 791
791 792
792 793
793 794
794 795
795 796
796 797
797 798
798 799
799 800
800 801
801 802
802 803
803 804
804 805
805 806
806 807
807 808
808 809
809 810
810 811
811 812
812 813
813 814
814 815
815 816
816 817
817 818
818 819
819 820
820 821
821 822
822 823
823 824
824 825
825 826
826 827
827 828
828 829
829 830
830 831
831 832
832 833
833 834
834 835
835 836
836 837
837 838
838 839
839 840
840 841
841 842
842 843
843 844
844 845
845 846
846 847
847 848
848 849
849 850
850 851
851 852
852 853
853 854
854 855
855 856
856 857
857 858
858 859
859 860
860 861
861 862
862 863
863 864
864 865
865 866
866 867
867 868
868 869
869 870
870 871
871 872
872 873
873 874
874 875
875 876
876 877
877 878
878 879
879 880
880 881
881 882
882 883
883 884
884 885
885 886
886 887
887 888
888 889
889 890
890 891
891 892
892 893
893 894
894 895
895 896
896 897
897 898
898 899
899 900
900 901
901 902
902 903
903 904
904 905
905 906
906 907
907 908
908 909
909 910
910 911
911 912
912 913
913 914
914 915
915 916
916 917
917 918
918 919
919 920
920 921
921 922
922 923
923 924
924 925
925 926
926 927
927 928
928 929
929 930
930 931
931 932
932 933
933 934
934 935
935 936
936 937
937 938
938 939
939 940
940 941
941 942
942 943
943 944
944 945
945 946
946 947
947 948
948 949
949 950
950 951
951 952
952 953
953 954
954 955
955 956
956 957
957 958
958 959
959 960
960 961
961 962
962 963
963 964
964 965
965 966
966 967
967 968
968 969
969 970
970 971
971 972
972 973
973 974
974 975
975 976
976 977
977 978
978 979
979 980
980 981
981 982
982 983
983 984
984 985
985 986
986 987
987 988
988 989
989 990
990 991
991 992
992 993
993 994
994 995
995 996
996 997
997 998
998 999
999 1000
153 1001
376 1002
357 1003
367 1004
537 1005
140 1006
128 1007
974 1008
201 1009
282 1010
22 1011
537 1012
722 1013
444 1014
461 1015
399 1016
794 1017
526 1018
601 1019
584 1020
319 1021
840 1022
971 1023
1020 1024
452 1025
42 1026
648 1027
289 1028
551 1029
452 1030
992 1031
424 1032
490 1033
391 1034
818 1035
647 1036
1026 1037
889 1038
851 1039
718 1040
635 1041
735 1042
861 1043
441 1044
242 1045
387 1046
117 1047
149 1048
1017 1049
996 1050
416 1051
992 1052
995 1053
608 1054
305 1055
832 1056
293 1057
807 1058
62 1059
443 1060
6 1061
619 1062
287 1063
64 1064
664 1065
419 1066
32 1067
438 1068
585 1069
380 1070
918 1071
291 1072
234 1073
743 1074
516 1075
260 1076
327 1077
55 1078
1008 1079
66 1080
894 1081
698 1082
693 1083
162 1084
392 1085
329 1086
843 1087
719 1088
1011 1089
941 1090
71 1091
343 1092
242 1093
951 1094
469 1095
524 1096
387 1097
432 1098
695 1099
1099 1100
604 1101
853 1102
942 1103
593 1104
1031 1105
874 1106
1102 1107
99 1108
502 1109
565 1110
758 1111
782 1112
192 1113
457 1114
557 1115
762 1116
814 1117
899 1118
269 1119
24 1120
270 1121
105 1122
1087 1123
648 1124
300 1125
325 1126
162 1127
941 1128
820 1129
740 1130
168 1131
523 1132
829 1133
657 1134
1111 1135
773 1136
1025 1137
33 1138
702 1139
947 1140
742 1141
898 1142
553 1143
53 1144
1111 1145
605 1146
456 1147
682 1148
57 1149
439 1150
675 1151
391 1152
87 1153
45 1154
786 1155
113 1156
875 1157
291 1158
278 1159
314 1160
834 1161
508 1162
575 1163
706 1164
895 1165
477 1166
1012 1167
977 1168
1096 1169
546 1170
431 1171
854 1172
268 1173
797 1174
792 1175
1129 1176
716 1177
1006 1178
417 1179
676 1180
726 1181
822 1182
224 1183
323 1184
493 1185
531 1186
381 1187
610 1188
278 1189
1093 1190
725 1191
913 1192
821 1193
1055 1194
27 1195
950 1196
114 1197
9 1198
138 1199
269 1200
733 1201
142 1202
842 1203
70 1204
714 1205
977 1206
924 1207
1168 1208
125 1209
530 1210
945 1211
417 1212
808 1213
86 1214
339 1215
702 1216
432 1217
839 1218
1077 1219
659 1220
556 1221
551 1222
1112 1223
1185 1224
5 1225
120 1226
811 1227
576 1228
307 1229
171 1230
483 1231
162 1232
222 1233
179 1234
13 1235
942 1236
898 1237
236 1238
1030 1239
392 1240
932 1241
476 1242
1096 1243
1108 1244
987 1245
911 1246
370 1247
552 1248
544 1249
589 1250
301 1251
172 1252
366 1253
1082 1254
152 1255
1151 1256
219 1257
753 1258
537 1259
1253 1260
189 1261
284 1262
1063 1263
934 1264
333 1265
288 1266
407 1267
843 1268
627 1269
1236 1270
492 1271
67 1272
1041 1273
1250 1274
1208 1275
93 1276
108 1277
1225 1278
1067 1279
677 1280
446 1281
218 1282
99 1283
724 1284
702 1285
1189 1286
289 1287
1214 1288
382 1289
1203 1290
303 1291
618 1292
708 1293
618 1294
228 1295
1270 1296
154 1297
386 1298
1108 1299
731 1300
778 1301
1112 1302
902 1303
601 1304
842 1305
499 1306
1237 1307
1043 1308
77 1309
616 1310
102 1311
274 1312
41 1313
915 1314
61 1315
1012 1316
591 1317
291 1318
1063 1319
775 1320
110 1321
597 1322
77 1323
1234 1324
568 1325
494 1326
23 1327
636 1328
67 1329
875 1330
1294 1331
482 1332
217 1333
293 1334
77 1335
36 1336
817 1337
848 1338
542 1339
1288 1340
944 1341
1208 1342
355 1343
1175 1344
1 1345
581 1346
28 1347
610 1348
173 1349
755 1350
261 1351
708 1352
211 1353
680 1354
377 1355
310 1356
190 1357
707 1358
25 1359
1168 1360
1018 1361
1074 1362
578 1363
499 1364
1270 1365
480 1366
427 1367
861 1368
845 1369
348 1370
502 1371
46 1372
224 1373
630 1374
646 1375
257 1376
1222 1377
80 1378
1162 1379
168 1380
1109 1381
976 1382
358 1383
1087 1384
670 1385
256 1386
1287 1387
1 1388
1060 1389
1060 1390
1124 1391
1206 1392
734 1393
153 1394
1201 1395
746 1396
204 1397
883 1398
207 1399
523 1400
470 1401
333 1402
173 1403
684 1404
578 1405
138 1406
33 1407
203 1408
1017 1409
364 1410
1404 1411
291 1412
601 1413
459 1414
1012 1415
1381 1416
1286 1417
435 1418
1277 1419
1081 1420
332 1421
1118 1422
73 1423
536 1424
703 1425
1369 1426
557 1427
52 1428
968 1429
310 1430
806 1431
672 1432
1117 1433
60 1434
1320 1435
901 1436
428 1437
1302 1438
713 1439
149 1440
1017 1441
632 1442
611 1443
1258 1444
987 1445
1010 1446
982 1447
582 1448
1083 1449
540 1450
318 1451
241 1452
1374 1453
389 1454
577 1455
789 1456
1165 1457
599 1458
322 1459
638 1460
544 1461
454 1462
492 1463
1152 1464
1185 1465
1317 1466
625 1467
268 1468
1132 1469
1303 1470
953 1471
160 1472
1062 1473
793 1474
59 1475
7 1476
243 1477
1433 1478
470 1479
278 1480
574 1481
702 1482
1409 1483
1305 1484
120 1485
254 1486
372 1487
539 1488
617 1489
195 1490
527 1491
912 1492
1206 1493
1420 1494
1127 1495
1121 1496
898 1497
301 1498
1024 1499
1310 1500
1422 1501
53 1502
433 1503
37 1504
1440 1505
21 1506
418 1507
1134 1508
963 1509
13 1510
966 1511
1384 1512
1253 1513
87 1514
834 1515
516 1516
1392 1517
401 1518
1432 1519
720 1520
466 1521
848 1522
935 1523
1234 1524
1345 1525
1212 1526
394 1527
889 1528
128 1529
570 1530
887 1531
781 1532
80 1533
809 1534
589 1535
646 1536
1288 1537
357 1538
760 1539
1151 1540
449 1541
470 1542
246 1543
1036 1544
1050 1545
694 1546
1055 1547
116 1548
1061 1549
1180 1550
785 1551
1423 1552
1304 1553
327 1554
254 1555
302 1556
474 1557
1490 1558
1482 1559
415 1560
611 1561
474 1562
284 1563
277 1564
304 1565
504 1566
1230 1567
897 1568
828 1569
1269 1570
1372 1571
1034 1572
1488 1573
818 1574
706 1575
215 1576
1468 1577
1425 1578
857 1579
1350 1580
87 1581
1436 1582
574 1583
776 1584
716 1585
1395 1586
1045 1587
814 1588
1059 1589
1518 1590
1433 1591
1565 1592
316 1593
1444 1594
1047 1595
926 1596
369 1597
1115 1598
1339 1599
374 1600
351 1601
1002 1602
251 1603
200 1604
732 1605
10 1606
854 1607
256 1608
524 1609
65 1610
1581 1611
224 1612
1003 1613
915 1614
84 1615
985 1616
893 1617
763 1618
1338 1619
993 1620
1074 1621
1143 1622
227 1623
632 1624
1010 1625
726 1626
577 1627
575 1628
999 1629
977 1630
576 1631
217 1632
910 1633
884 1634
350 1635
1380 1636
354 1637
1482 1638
123 1639
354 1640
744 1641
1582 1642
1343 1643
1529 1644
448 1645
730 1646
1089 1647
727 1648
171 1649
557 1650
1581 1651
729 1652
962 1653
192 1654
159 1655
611 1656
454 1657
1570 1658
728 1659
1162 1660
1406 1661
467 1662
1129 1663
934 1664
490 1665
177 1666
719 1667
821 1668
1052 1669
1365 1670
1361 1671
1198 1672
162 1673
1136 1674
105 1675
1524 1676
1426 1677
921 1678
562 1679
1487 1680
1110 1681
1272 1682
737 1683
981 1684
588 1685
1319 1686
931 1687
1078 1688
1654 1689
848 1690
929 1691
1501 1692
891 1693
870 1694
267 1695
235 1696
84 1697
1506 1698
38 1699
912 1700
980 1701
1408 1702
660 1703
1306 1704
1521 1705
1437 1706
732 1707
692 1708
565 1709
24 1710
1358 1711
31 1712
478 1713
687 1714
1279 1715
138 1716
1198 1717
929 1718
194 1719
134 1720
60 1721
1394 1722
1484 1723
1586 1724
1101 1725
1197 1726
3 1727
206 1728
1451 1729
365 1730
530 1731
579 1732
946 1733
1348 1734
943 1735
1267 1736
262 1737
728 1738
535 1739
91 1740
1182 1741
652 1742
157 1743
373 1744
20 1745
1745 1746
1339 1747
712 1748
570 1749
142 1750
317 1751
873 1752
1095 1753
1616 1754
1173 1755
756 1756
1548 1757
920 1758
1543 1759
793 1760
1136 1761
1148 1762
259 1763
1398 1764
328 1765
1039 1766
987 1767
1373 1768
1495 1769
1528 1770
886 1771
826 1772
448 1773
1488 1774
809 1775
1547 1776
1447 1777
1662 1778
1203 1779
655 1780
1063 1781
690 1782
655 1783
30 1784
1231 1785
1447 1786
431 1787
912 1788
840 1789
556 1790
978 1791
210 1792
1441 1793
741 1794
1544 1795
1338 1796
1616 1797
1 1798
166 1799
895 1800
1558 1801
1216 1802
189 1803
975 1804
459 1805
1289 1806
1442 1807
300 1808
87 1809
505 1810
270 1811
763 1812
1482 1813
834 1814
747 1815
224 1816
925 1817
934 1818
187 1819
77 1820
1534 1821
1417 1822
220 1823
408 1824
1696 1825
366 1826
1319 1827
1263 1828
1357 1829
329 1830
1227 1831
383 1832
410 1833
948 1834
1163 1835
221 1836
1623 1837
629 1838
1435 1839
1056 1840
165 1841
1774 1842
1159 1843
1180 1844
501 1845
444 1846
1658 1847
1496 1848
1607 1849
1250 1850
1594 1851
617 1852
1177 1853
969 1854
1711 1855
1565 1856
780 1857
1068 1858
919 1859
1101 1860
223 1861
742 1862
586 1863
541 1864
316 1865
120 1866
606 1867
1574 1868
1648 1869
418 1870
1527 1871
1312 1872
1263 1873
1199 1874
13 1875
299 1876
1386 1877
1189 1878
1735 1879
1190 1880
823 1881
1257 1882
524 1883
460 1884
885 1885
1197 1886
614 1887
802 1888
454 1889
959 1890
1445 1891
1436 1892
1659 1893
759 1894
1535 1895
1342 1896
714 1897
31 1898
1637 1899
1363 1900
967 1901
661 1902
84 1903
16 1904
1319 1905
227 1906
103 1907
1269 1908
308 1909
365 1910
240 1911
852 1912
965 1913
1785 1914
363 1915
1014 1916
1259 1917
925 1918
558 1919
461 1920
1836 1921
1403 1922
1786 1923
778 1924
839 1925
1655 1926
773 1927
858 1928
1270 1929
384 1930
1369 1931
741 1932
1167 1933
844 1934
1589 1935
398 1936
684 1937
1477 1938
1400 1939
743 1940
1208 1941
1411 1942
1295 1943
854 1944
1551 1945
1747 1946
157 1947
1287 1948
1521 1949
1589 1950
1907 1951
1285 1952
1344 1953
280 1954
51 1955
283 1956
29 1957
1076 1958
1639 1959
870 1960
168 1961
768 1962
1104 1963
697 1964
1649 1965
545 1966
1801 1967
1361 1968
1855 1969
845 1970
765 1971
240 1972
972 1973
1823 1974
229 1975
1496 1976
1815 1977
1854 1978
523 1979
552 1980
1049 1981
257 1982
1105 1983
153 1984
129 1985
971 1986
239 1987
1585 1988
397 1989
600 1990
1348 1991
590 1992
1198 1993
1733 1994
1290 1995
478 1996
767 1997
1033 1998
1790 1999
1489 2000
527 212
